-8.427441857914139689e-01
-7.215837503886928239e-01
-7.703566721318071409e-01
3.968482810790163740e-01
-5.294401835610531570e-01
9.547815833477133474e-01
-6.949481525110945412e-01
1.603182394178153114e-01
2.032910166164794141e-01
-9.051750801754085973e-01
-8.624926716512408831e-01
1.370101565607868555e-01
-9.552463072696777413e-01
8.285324093527517419e-01
-9.667734938399783484e-01
-7.430955877559564104e-01
-7.519410855468200428e-01
9.343522937125166017e-01
3.671697594444891521e-01
-6.344547092434158486e-01
8.262274796807966837e-01
-6.875948539230520851e-01
-8.946874136487985574e-01
7.024777608524401806e-01
-9.150948401377574370e-01
8.438251820422171257e-01
5.819602707706590383e-01
-5.735103257445102187e-01
-2.516138423175635630e-01
-5.833846942624076881e-01
4.378107061708154113e-01
-3.213371249343184299e-01
-6.733101905946627941e-01
9.611440758134364160e-01
-9.102603253933971850e-01
6.916055970581449497e-01
-6.708635223715806450e-01
-2.577532027526869829e-01
-8.464270351683287341e-01
-3.461369801599896157e-01
8.676470309987542873e-01
5.986122764727286327e-01
3.694114838652944321e-01
-8.019550993982693665e-01
6.567512305161631314e-01
9.680049044324108287e-01
-9.577220811682964907e-01
8.889759867394348980e-01
-4.869456091281763044e-01
-7.309768389961757151e-01
